<?xml version="1.0"?>
<opencv_storage>
<src>
  <point1>
    527. 1030.</point1>
  <point2>
    782. 828.</point2>
  <point3>
    1036. 813.</point3>
  <point4>
    1275. 1039.</point4></src>
<dst>
  <point1>
    527. 1030.</point1>
  <point2>
    782. 828.</point2>
  <point3>
    1036. 813.</point3>
  <point4>
    1275. 1039.</point4></dst>
</opencv_storage>
